128 512
1 1 1 1 1 1 1 1 1 1 1 1 1 1 1 1 1 1 1 1 1 1 1 1 1 1 1 1 1 1 1 1 1 1 1 1 1 1 1 1 1 1 1 1 1 1 1 1 1 1 1 1 1 1 1 1 1 1 1 1 1 1 1 1 1 1 1 1 1 1 1 1 1 1 1 1 1 1 1 1 1 1 1 1 1 1 1 1 1 1 1 1 1 1 1 1 1 1 1 1 1 1 1 1 1 1 1 1 1 1 1 1 1 1 1 1 1 1 1 1 1 1 1 1 1 1 1 1 1 1 1 1 1 1 1 1 1 1 1 1 1 1 1 1 1 1 1 1 1 1 1 1 1 1 1 1 1 1 1 1 1 1 1 1 1 1 1 1 1 1 1 1 1 1 1 1 1 1 1 1 1 1 1 1 1 1 1 1 1 1 1 1 1 1 1 1 1 1 1 1 1 1 1 1 1 1 1 1 1 1 1 1 1 1 1 1 1 1 1 1 1 1 1 1 1 1 1 1 1 1 1 1 1 1 1 1 1 1 1 1 1 1 1 1 1 1 1 1 1 1 1 1 1 1 1 1 1 1 1 1 1 1 1 1 1 1 1 1 1 1 1 1 1 1 1 1 1 1 1 1 1 1 1 1 1 1 1 1 1 1 1 1 1 1 1 1 1 1 1 1 1 1 1 1 1 1 1 1 1 1 1 1 1 1 1 1 1 1 1 1 1 1 1 1 1 1 1 1 1 1 1 1 1 1 1 1 1 1 1 1 1 1 1 1 1 1 1 1 1 1 1 1 1 1 1 1 1 1 1 1 1 1 1 1 1 1 1 1 1 1 1 1 1 1 1 1 1 1 1 1 1 1 1 1 1 1 1 1 1 1 1 1 1 1 1 1 1 1 1 1 1 1 1 1 1 1 1 1 1 1 1 1 1 1 1 1 1 1 1 1 1 1 1 1 1 1 1 1 1 1 1 1 1 1 1 1 1 1 1 1 1 1 1 1 1 1 1 1 1 1 1 1 1 1 1 1 1 1 1 1 1 1 1 1 1 1 1 1 1 1 1 1 1 1 1 1 1 1 1 1 1 1 1 1 1 1 1 1 1 1 1 1 1 1 1 1 1 1 1 1 1 1 1 1 1 1 1 1 1 1 1 1
72 1 5 14 21 22 32 34 35 36 40 56 59 67 77 80 122 126 129 135 145 147 148 153 178 195 199 209 223 238 239 248 250 256 258 263 268 275 282 288 289 318 322 323 325 332 348 355 357 373 374 382 383 396 404 430 435 437 438 452 454 456 458 460 464 478 480 485 486 501 506 508 511
83 11 12 14 25 27 36 39 41 45 50 51 55 59 65 68 83 86 115 121 138 159 165 168 175 179 182 184 192 208 209 211 218 224 231 236 239 244 253 272 273 280 283 284 288 301 303 310 316 339 340 343 346 347 361 364 366 367 373 395 399 401 403 407 413 423 435 436 445 448 457 459 462 477 484 485 496 501 503 505 507 508 509 512
72 5 17 19 24 27 35 54 61 68 83 84 85 91 107 110 121 130 137 145 151 152 153 167 169 170 171 172 175 184 185 189 197 199 200 217 221 226 227 251 255 272 274 275 280 281 287 295 301 308 328 339 343 345 360 378 381 388 391 392 429 432 434 436 437 445 456 462 464 476 479 482 488
71 2 5 8 14 17 18 26 47 51 56 67 72 89 93 96 129 130 134 146 151 168 186 188 190 191 202 223 232 237 239 244 246 264 266 270 279 288 290 311 314 335 336 337 340 344 368 371 378 379 390 393 395 400 413 419 424 426 441 458 462 463 469 471 475 484 486 487 494 498 501 509
97 6 10 24 31 35 45 48 49 55 56 63 75 77 78 84 89 99 104 106 109 110 111 113 120 126 128 130 132 135 137 138 147 151 152 155 156 159 163 170 172 178 188 191 198 200 201 202 212 214 216 217 227 230 252 258 260 262 263 265 277 278 279 284 285 292 296 298 310 318 322 330 340 341 342 343 344 351 352 359 361 365 371 373 399 411 430 437 444 445 452 461 463 464 490 491 493 505
74 26 34 39 43 51 53 80 85 89 90 91 94 101 102 105 122 130 133 143 171 173 184 187 199 205 219 231 233 247 255 262 271 274 276 282 286 287 289 297 302 305 308 310 319 332 345 348 358 360 364 368 377 391 398 401 404 414 416 419 421 429 453 456 459 460 463 464 471 476 478 480 488 491 494
66 1 12 25 40 44 56 69 82 90 92 102 107 110 113 114 128 129 134 140 147 154 156 160 170 182 192 195 199 214 233 241 247 250 268 291 293 312 313 316 337 339 343 351 352 359 372 379 382 396 398 413 422 425 426 428 429 434 438 447 462 463 466 468 472 473 478
81 5 7 16 17 18 24 25 37 39 45 46 48 51 53 61 62 63 69 71 90 109 111 113 119 121 127 132 138 143 156 158 160 174 188 190 192 202 233 235 242 256 270 297 298 300 303 305 306 316 322 323 327 335 336 337 338 342 358 372 373 379 393 406 417 418 428 434 436 440 442 444 456 476 478 484 493 494 498 503 507 512
69 2 15 32 39 40 56 58 66 68 76 77 84 99 104 105 109 116 123 125 131 132 133 138 140 144 147 169 182 183 187 189 191 204 219 227 237 267 269 284 295 297 308 329 335 340 366 376 382 385 387 395 398 400 403 405 416 417 422 423 430 432 442 445 454 473 487 491 492 511
75 1 10 22 24 33 38 46 48 49 73 92 94 100 109 114 117 123 128 130 135 136 139 153 159 171 178 181 194 196 204 221 223 224 227 229 231 235 253 280 288 292 295 299 307 322 327 345 346 352 357 371 378 390 393 394 397 401 412 424 427 433 435 439 449 451 452 468 471 482 485 487 492 498 502 505
79 9 10 15 18 25 30 37 38 39 48 52 61 77 91 96 106 119 123 135 136 137 139 143 160 167 183 186 188 190 197 201 202 205 206 211 245 246 248 251 258 260 266 267 274 290 294 303 305 306 309 315 322 341 354 356 360 368 375 380 399 405 408 414 422 431 433 444 450 453 458 460 462 472 476 483 493 494 503 508
62 10 38 91 95 100 114 115 117 119 123 125 135 139 142 146 160 169 170 174 178 180 185 186 189 197 200 204 209 214 215 220 230 237 240 242 249 260 264 270 273 274 289 297 300 301 319 322 334 344 351 362 370 385 410 420 440 447 455 457 499 509 510
84 11 19 24 26 29 38 53 60 61 63 75 89 90 105 112 114 115 130 135 138 158 160 166 168 171 175 177 181 182 187 198 199 204 206 210 212 213 220 232 233 236 237 240 242 248 250 251 253 258 272 276 281 298 310 317 332 333 351 353 355 359 361 365 374 379 407 410 411 412 414 419 431 432 433 434 441 448 467 468 469 480 490 495 510
65 8 16 24 25 26 36 42 56 86 94 95 103 106 112 128 130 141 149 159 163 170 177 192 210 216 223 224 239 255 256 266 270 273 278 292 316 329 331 339 351 356 358 377 385 386 404 405 409 420 425 450 455 459 460 461 466 471 473 476 477 478 486 488 489 506
71 2 5 9 14 25 29 31 39 44 58 61 62 68 71 75 79 94 97 104 110 120 122 124 129 141 146 159 162 167 189 208 209 211 215 224 231 242 262 265 287 289 294 308 314 316 321 327 330 332 340 341 349 363 367 374 375 390 399 400 414 415 416 430 453 456 458 463 464 467 497 507
82 9 14 22 28 57 63 73 75 81 86 95 98 103 110 115 121 122 126 128 136 139 141 142 150 154 160 170 174 175 179 181 182 188 202 205 213 215 224 227 236 241 242 256 260 261 262 269 280 281 282 289 293 299 306 314 329 342 347 362 371 373 380 382 384 394 404 408 420 430 434 436 446 448 470 473 476 480 491 503 504 507 512
97 3 4 8 13 16 32 35 38 41 49 58 60 65 68 70 71 80 83 87 108 116 117 122 129 138 141 145 150 151 153 160 166 168 171 172 185 187 197 200 201 210 212 220 224 228 231 232 234 237 246 247 265 269 276 281 289 290 294 300 301 312 313 315 326 339 346 349 356 364 367 369 372 378 381 382 391 397 398 403 409 417 422 423 427 436 438 439 443 446 460 464 484 485 488 507 510 512
74 10 18 20 21 24 48 50 53 59 76 77 78 83 87 108 111 115 123 133 135 137 144 149 152 166 174 176 180 182 205 240 246 252 257 259 262 279 282 284 289 296 304 319 321 324 326 331 332 338 339 345 347 356 365 368 381 383 392 395 412 415 425 440 441 448 452 453 458 463 491 498 501 505 508
78 6 8 9 11 15 18 19 23 26 33 38 52 60 70 82 84 105 108 120 127 128 132 134 143 151 154 157 174 175 195 205 206 207 209 214 218 224 226 232 236 248 249 258 261 265 273 274 282 286 296 317 322 328 330 334 342 343 347 354 363 380 402 406 407 413 424 434 435 440 443 450 462 470 483 489 490 497 508
71 13 16 19 23 29 37 41 44 61 62 77 81 82 83 84 90 111 122 141 148 172 174 188 193 203 217 226 238 240 242 243 244 246 247 254 260 265 273 274 282 283 306 307 309 311 323 331 335 339 344 351 354 361 362 376 392 398 399 421 424 428 430 451 457 472 476 480 482 495 498 502
73 2 3 6 20 35 50 56 60 62 70 71 80 81 95 98 99 100 110 116 118 119 125 127 133 151 156 160 163 168 171 172 176 178 181 196 215 236 266 270 272 274 281 287 289 291 299 312 314 329 331 353 374 380 388 393 400 402 404 412 414 429 430 437 445 446 447 450 460 465 468 476 487 505
93 2 12 16 17 22 25 26 33 43 47 50 52 56 58 65 70 74 76 81 84 85 94 100 104 107 109 111 124 125 129 137 140 157 160 164 171 172 174 176 189 200 201 204 212 218 230 232 234 237 244 262 265 281 288 293 300 303 304 305 309 319 320 323 326 345 347 349 358 359 361 375 382 386 393 399 405 427 433 437 438 444 446 451 452 457 461 475 481 483 487 490 493 510
97 1 4 22 26 31 36 37 40 41 47 55 64 68 75 79 81 83 87 98 101 106 108 110 122 123 126 147 150 152 155 166 167 170 174 175 177 183 186 187 189 196 211 213 215 222 226 248 256 259 260 272 282 291 298 299 301 303 304 306 318 320 322 325 331 339 345 350 358 363 369 376 382 383 393 406 410 411 415 422 425 429 431 433 437 438 439 447 449 453 454 460 463 467 469 482 489 501
83 4 22 23 26 27 29 33 37 39 45 50 60 64 73 80 82 89 96 108 114 123 124 127 130 133 154 160 161 182 187 191 193 210 212 214 226 228 232 245 253 261 267 270 271 273 279 281 284 290 304 306 307 312 314 318 319 323 339 341 349 355 356 363 386 395 399 401 411 439 447 457 459 462 466 467 471 472 473 477 478 481 494 510
69 5 9 17 19 25 42 61 81 114 118 123 124 130 144 154 158 165 192 194 197 199 200 202 203 213 233 239 248 253 256 258 266 287 288 293 302 305 308 315 317 324 327 334 337 338 345 346 348 349 352 356 360 365 371 372 385 398 403 405 412 415 423 424 429 442 462 476 493 499
67 16 25 30 38 46 52 54 56 58 70 79 94 98 100 101 108 112 115 116 120 127 135 140 182 184 188 191 203 204 213 214 226 229 230 235 236 238 241 271 291 292 297 303 306 308 312 315 317 320 327 329 335 346 354 370 379 403 409 418 430 443 444 462 463 468 477 488
77 1 12 15 20 23 25 29 41 45 49 50 58 67 94 115 121 125 139 148 160 168 173 185 190 198 206 212 216 221 236 237 238 240 243 244 245 246 252 255 261 267 273 280 285 287 295 302 304 308 312 316 318 327 338 339 340 345 355 371 376 381 384 388 396 403 415 418 436 439 441 450 456 459 469 483 498 501
79 5 19 25 32 41 47 49 56 59 62 64 79 80 102 109 110 114 118 128 131 134 137 142 146 147 161 165 168 169 176 189 196 198 204 213 217 228 244 267 277 278 284 289 295 303 308 321 323 334 341 344 346 348 357 369 373 377 378 384 390 391 399 401 404 409 411 417 418 422 427 428 439 461 466 477 483 484 485 505
71 3 9 14 18 19 37 41 46 51 71 74 90 91 92 94 109 112 114 124 128 132 137 145 155 161 185 195 203 217 230 247 249 255 289 291 296 299 317 320 321 323 324 331 336 342 352 355 379 380 386 394 396 402 418 419 424 425 429 433 439 441 459 461 468 471 474 488 497 500 502 507
80 14 15 18 20 23 33 43 49 60 69 70 81 92 100 111 116 128 160 161 162 173 177 182 187 188 189 199 200 201 214 220 222 223 240 255 256 259 266 269 271 312 319 322 323 325 330 346 349 351 365 368 374 380 385 393 395 399 404 405 410 415 417 423 431 432 437 459 463 464 469 470 476 483 485 490 492 494 495 507 511
71 2 5 9 24 33 35 38 39 54 63 73 80 90 91 94 97 104 129 134 136 139 142 152 168 183 189 195 202 204 209 210 221 224 237 244 252 261 262 283 284 291 292 294 297 302 313 324 326 330 334 340 350 385 401 402 407 409 419 421 424 428 429 438 439 468 483 489 493 503 506 507
79 6 9 16 18 29 30 42 43 44 63 64 67 68 85 99 102 105 107 120 128 129 135 150 159 160 164 165 167 174 187 189 198 200 202 206 207 216 220 229 234 239 246 248 250 253 259 276 279 294 306 311 316 320 323 341 343 352 359 369 377 380 386 388 410 416 430 434 441 448 449 452 473 476 480 483 488 489 496 502
74 4 10 20 38 48 56 61 63 69 72 83 105 126 137 139 140 142 150 161 163 167 170 172 175 177 179 180 188 192 197 199 214 219 232 234 244 247 248 253 268 271 275 277 278 281 287 290 291 292 293 298 306 311 325 329 330 333 340 356 358 384 415 416 417 423 451 453 457 460 467 468 475 503 512
77 4 10 12 13 16 21 24 27 31 32 41 74 75 78 79 85 96 98 102 103 104 105 109 111 114 124 125 130 140 145 154 156 157 159 176 177 181 187 191 204 214 215 217 218 227 228 243 244 245 247 249 265 266 268 269 280 307 311 318 325 328 338 368 378 400 413 421 424 433 434 440 466 478 479 487 495 506
63 5 6 14 24 29 50 59 67 69 74 85 94 113 114 117 120 125 152 157 175 177 178 190 200 201 202 218 220 236 240 243 246 255 266 281 289 291 301 302 308 321 328 346 351 354 388 394 411 416 418 428 436 445 450 451 459 468 473 474 480 488 491 496
74 11 23 35 46 51 57 58 61 62 63 88 95 107 120 125 132 137 144 151 153 156 163 170 176 181 183 190 198 204 214 222 224 231 235 236 239 245 249 265 268 272 296 312 316 321 323 325 326 343 353 366 368 371 374 384 391 399 404 407 416 422 424 436 437 442 448 454 460 476 485 491 497 504 508
78 11 12 17 18 41 46 50 53 57 79 84 92 102 116 120 124 125 134 135 139 140 154 162 166 168 176 188 189 190 194 195 209 213 220 230 236 240 251 258 263 267 276 282 283 289 293 295 296 299 303 305 312 323 333 334 336 352 359 372 379 395 400 402 408 409 415 416 422 430 451 461 465 476 478 486 496 504 512
75 3 11 22 31 62 74 75 76 84 89 101 105 108 112 115 117 122 127 137 138 140 151 154 157 161 215 220 222 233 235 240 249 250 254 258 260 263 269 275 287 289 300 304 305 312 316 322 342 353 358 359 366 371 376 382 388 391 399 401 407 409 411 416 425 426 428 447 450 452 464 475 480 507 508 510
77 3 4 14 15 21 24 28 29 33 34 36 37 42 44 46 49 51 53 64 67 72 73 74 80 85 90 121 141 145 160 178 182 184 197 206 208 210 222 228 229 230 233 241 262 269 287 298 306 324 325 343 347 349 356 358 367 389 391 407 409 411 421 422 434 447 452 453 464 465 473 482 484 487 493 496 500 509
75 10 17 20 29 38 48 54 66 81 92 99 100 103 107 108 119 122 124 127 131 132 134 137 140 151 157 159 166 169 175 177 187 196 198 205 222 242 245 248 263 275 302 310 322 323 333 340 349 356 357 373 377 388 391 394 398 417 422 427 433 435 443 444 445 447 451 457 460 463 465 471 488 502 508 511
81 14 19 23 25 41 47 58 59 64 73 78 82 87 96 107 115 126 132 133 138 156 160 162 165 169 193 194 195 209 210 212 213 215 220 222 236 246 256 266 273 274 281 289 291 295 302 304 309 317 320 328 329 330 332 339 347 355 358 361 375 397 400 403 410 416 419 422 423 425 430 431 433 434 440 453 475 480 484 500 506 512
75 15 29 36 44 46 48 53 54 56 64 91 95 98 104 116 117 119 127 135 140 146 147 153 157 159 173 176 183 190 221 225 236 237 239 247 248 253 254 263 266 278 293 307 317 326 327 330 336 340 355 363 375 376 380 385 388 389 403 407 414 415 433 437 438 444 448 457 477 478 488 495 503 504 509 511
72 28 31 32 34 37 38 42 45 63 67 68 85 86 99 115 122 124 128 141 155 164 168 170 175 180 185 188 191 195 198 212 218 224 235 236 237 246 249 265 267 285 295 298 310 311 313 324 336 338 340 344 348 354 355 357 362 378 381 389 394 407 409 412 433 436 454 457 458 465 475 480 498
78 3 4 10 11 15 30 49 51 60 62 68 78 95 96 102 112 119 126 127 131 134 138 169 173 178 181 183 194 203 204 207 213 214 216 225 228 231 247 256 258 263 269 270 274 283 297 298 302 305 311 316 344 348 353 374 388 394 405 407 409 420 421 424 436 438 439 444 455 460 463 478 480 492 493 496 501 508 512
76 4 13 23 25 39 42 43 56 59 61 64 70 75 79 80 89 93 98 101 109 122 134 151 152 154 165 167 169 178 181 190 203 204 215 236 250 266 273 281 283 285 295 301 304 306 314 317 325 327 332 338 346 355 366 377 384 391 393 396 403 404 415 422 423 428 434 435 439 454 455 466 474 476 479 488 503
76 2 13 15 45 47 51 59 66 81 82 90 102 110 112 113 131 137 145 146 156 159 161 173 183 192 193 201 204 206 207 209 210 211 219 225 231 232 238 239 250 267 270 275 277 287 292 295 296 317 319 321 323 327 335 352 358 359 374 376 396 401 404 408 410 428 444 449 450 453 467 478 494 495 496 507 510
80 1 2 5 9 11 17 21 23 29 44 46 55 64 70 71 88 96 109 120 137 140 144 151 158 159 163 164 176 179 193 198 200 202 208 209 229 235 236 237 245 247 259 261 267 270 279 295 296 310 311 315 330 338 340 350 358 360 362 364 365 366 369 378 379 383 387 394 400 416 425 438 441 445 473 476 490 492 499 505 508
79 19 24 28 35 36 48 66 71 79 88 89 93 99 106 107 109 116 118 121 131 141 145 163 164 173 204 231 234 236 241 246 247 261 262 272 274 279 289 291 293 296 305 307 323 326 327 330 335 338 351 355 357 358 366 370 371 372 382 384 385 395 403 408 414 428 445 446 461 470 479 489 490 493 494 497 505 506 508 511
77 21 27 38 44 49 55 63 67 76 77 86 87 92 93 101 117 118 122 125 135 148 152 157 159 172 174 180 193 199 210 225 237 241 244 249 252 268 272 278 282 285 287 293 305 313 317 326 328 332 339 351 364 367 368 371 372 376 399 406 407 408 421 435 436 438 442 443 445 454 469 472 483 494 498 503 505 507
67 5 14 15 31 64 67 82 89 91 101 106 108 111 114 119 127 133 137 138 139 146 151 173 174 178 181 192 195 201 204 212 216 218 244 249 251 254 258 262 263 276 296 298 303 342 346 355 356 359 365 369 371 383 398 399 427 440 449 455 456 472 474 479 488 494 496 501
75 7 14 24 29 31 40 44 85 88 92 95 98 103 104 113 114 136 137 149 152 160 164 175 182 190 195 197 201 212 224 231 233 234 240 245 249 250 254 270 284 287 292 295 306 317 321 327 335 341 347 355 362 369 377 380 383 384 394 395 398 414 426 428 433 454 458 459 471 477 486 487 495 498 501 502
66 10 14 16 21 27 30 36 38 40 54 55 73 77 95 107 113 124 126 129 140 141 142 145 153 158 159 171 175 181 194 196 198 207 219 232 246 261 265 270 272 273 276 300 310 314 325 332 335 346 370 374 375 380 384 397 407 412 428 434 438 443 453 464 465 466 501
80 24 30 33 40 48 50 51 52 64 65 67 84 85 92 99 100 101 104 107 115 118 121 129 143 176 186 188 195 197 208 216 217 224 230 235 240 252 257 260 266 268 271 275 281 285 292 294 299 316 332 341 343 344 345 347 348 353 368 383 389 399 409 412 415 424 429 445 455 458 466 469 472 480 481 482 484 490 494 495 506
78 5 11 15 20 23 28 33 40 44 51 58 70 73 74 75 78 83 89 116 117 123 126 148 153 154 166 171 173 183 188 191 209 212 217 219 221 223 224 228 240 257 259 267 282 290 295 306 313 330 342 359 368 370 375 376 377 384 388 396 397 422 429 438 439 441 443 444 449 456 466 471 481 483 486 496 498 510 511
68 9 10 14 17 27 31 32 33 35 40 57 58 61 63 65 66 69 83 89 95 97 101 102 118 119 141 155 171 172 179 186 190 212 214 227 250 257 275 281 288 296 299 312 322 328 332 333 335 344 345 351 383 386 389 421 422 435 443 447 449 453 454 473 480 494 502 508 509
78 6 14 20 26 36 42 62 65 70 77 82 91 109 125 126 142 151 158 163 164 168 176 177 184 191 192 200 203 209 220 224 231 234 237 238 240 249 258 268 279 283 303 312 317 323 335 336 337 344 355 357 363 365 378 384 388 397 403 406 409 410 411 421 430 438 439 461 463 469 477 481 485 487 490 492 502 504 508
82 2 5 8 17 18 26 27 28 36 42 45 65 70 82 87 90 92 102 103 112 115 128 129 130 140 155 157 172 173 181 187 190 192 197 200 205 223 229 238 241 256 258 262 269 275 276 278 281 292 312 314 316 318 319 322 323 326 347 362 364 366 367 375 378 380 392 399 408 414 417 427 443 445 467 473 474 476 478 495 499 501 505
73 9 14 25 32 36 44 46 52 72 73 82 90 99 100 101 108 117 121 128 131 133 144 150 159 163 165 187 203 217 220 222 226 228 240 247 250 272 276 289 336 340 350 351 358 363 366 370 372 374 379 380 381 384 391 400 406 412 414 426 433 439 447 454 460 473 474 480 484 489 490 493 502 509
76 4 11 14 18 22 23 31 39 42 49 52 53 60 64 68 71 79 89 122 125 135 148 150 159 160 163 169 171 179 183 186 196 210 231 240 246 248 257 277 280 285 291 292 296 297 307 326 331 341 342 349 358 359 366 379 384 385 403 414 415 418 420 425 441 446 459 461 469 470 475 477 478 479 480 499 506
65 16 17 18 30 39 55 62 63 67 72 79 84 87 98 103 112 117 120 125 133 137 143 146 156 166 180 191 198 200 212 216 220 223 226 229 244 247 249 259 263 293 295 302 308 316 325 329 349 357 362 371 373 374 378 391 406 415 418 435 443 446 458 460 480 488
66 2 15 24 28 32 38 40 72 90 101 108 111 120 136 141 147 150 151 154 157 161 169 176 187 193 202 205 211 213 230 262 278 279 280 286 306 313 317 331 339 342 348 358 364 365 380 399 403 412 418 425 427 433 439 444 446 454 458 470 473 475 480 490 498 502 504
67 7 10 12 17 21 29 32 48 51 62 74 75 80 82 88 102 116 129 130 134 154 157 161 172 183 185 189 192 199 200 205 212 224 235 236 238 242 245 247 253 259 276 280 292 304 310 324 328 333 340 342 365 385 394 402 408 416 424 425 442 445 448 455 466 483 487 496
96 2 3 4 11 20 26 32 34 43 45 54 55 57 64 71 73 80 88 95 98 108 120 125 127 128 131 133 145 157 161 162 164 168 175 180 182 184 186 190 197 198 206 209 215 216 223 237 242 248 249 251 262 266 281 284 285 294 308 310 329 334 342 344 351 356 357 358 361 364 366 370 372 373 380 384 392 404 407 415 416 419 420 421 438 449 451 455 462 475 479 488 491 495 497 501 511
85 10 20 30 38 40 51 64 66 68 71 77 84 86 88 89 92 107 113 115 120 129 136 146 154 162 170 184 192 210 212 213 214 215 217 219 222 226 228 229 233 241 248 254 262 264 269 285 289 292 294 304 308 312 313 318 319 371 376 384 387 390 391 393 395 397 404 407 408 410 416 420 421 428 433 447 456 463 468 474 485 491 493 497 499 505
90 2 10 15 25 35 39 44 54 58 62 63 66 67 74 76 81 86 87 88 92 94 95 96 99 101 106 108 110 122 123 124 132 137 144 152 158 165 169 176 181 183 191 199 206 213 223 224 226 233 235 245 246 247 252 256 259 262 269 275 282 285 288 289 300 305 308 310 321 341 342 344 358 360 375 385 397 403 418 445 448 457 463 466 475 481 483 501 506 507 508
73 5 7 9 22 25 33 59 62 63 68 73 79 83 85 91 101 107 109 116 132 137 146 152 167 172 180 184 185 195 196 197 199 201 214 218 222 245 249 266 271 292 293 300 308 309 313 315 316 318 330 346 353 356 361 372 374 403 406 420 421 427 438 439 441 446 449 469 477 482 488 491 502 503
68 25 37 38 41 48 49 50 75 80 93 99 111 112 114 124 126 129 144 171 178 187 195 200 223 233 235 239 241 243 254 265 268 269 277 278 280 281 290 293 306 307 313 318 322 324 329 351 363 369 378 379 380 386 398 402 404 413 417 423 430 452 469 474 493 496 500 507 508
73 4 14 26 28 30 32 34 36 48 50 51 67 73 75 80 81 100 103 107 108 127 147 153 157 168 170 181 191 193 195 201 206 229 237 241 246 247 250 254 257 260 271 276 288 294 298 313 326 332 343 347 361 374 376 381 382 386 390 400 404 410 411 426 430 431 436 454 459 480 487 488 501 504
71 2 19 21 45 46 58 86 87 110 113 119 122 127 132 135 138 149 157 175 181 188 189 195 198 209 211 212 221 239 244 248 252 264 265 285 306 308 320 321 333 334 335 339 342 346 355 357 367 393 402 407 408 411 412 417 419 444 457 461 462 463 465 469 475 481 490 491 493 502 506 508
85 1 12 15 20 23 29 36 42 46 50 60 67 70 73 78 85 90 105 109 116 122 155 160 161 175 184 185 186 187 188 189 202 203 206 216 220 221 222 228 229 231 232 240 243 252 257 262 266 273 280 281 283 290 315 317 334 343 351 356 365 366 371 372 375 379 387 388 410 419 420 428 439 452 459 462 465 471 472 479 481 483 487 491 492 497
77 6 14 27 29 30 31 32 34 40 87 91 92 96 99 107 116 118 119 121 122 126 128 132 138 142 151 156 158 161 163 166 177 184 188 211 213 214 216 236 243 246 255 258 260 261 274 276 277 278 283 289 311 320 335 355 376 380 393 401 419 421 427 433 435 436 442 446 448 451 460 461 463 464 465 476 503 505
74 1 4 16 18 20 26 30 49 67 73 77 82 100 108 122 130 131 142 145 152 168 173 177 186 197 201 203 219 227 241 245 246 252 266 267 301 318 321 330 332 334 335 336 345 348 352 357 365 366 367 379 384 391 401 402 423 434 439 457 459 460 468 470 475 482 492 494 496 498 500 503 505 506 509
73 22 24 25 27 28 30 47 67 72 75 89 93 107 120 148 157 159 160 165 169 172 173 174 181 187 188 189 190 198 201 202 205 206 207 208 210 228 232 233 238 239 240 241 253 260 283 287 295 304 307 314 316 335 340 342 349 350 353 358 391 393 401 422 444 449 451 456 471 474 478 502 503 512
86 10 15 16 20 21 24 25 31 34 36 37 41 52 53 54 55 61 71 73 83 86 92 102 104 116 129 130 134 137 140 145 152 165 171 173 178 180 186 191 204 224 228 231 232 233 234 241 245 248 249 252 255 256 263 275 287 289 292 296 301 305 309 312 318 322 328 329 331 337 344 370 377 383 390 414 419 423 434 437 460 470 474 490 492 508 510
91 5 14 16 19 21 24 27 36 42 43 44 49 53 58 74 86 94 104 105 109 113 115 128 129 135 159 178 179 183 184 187 188 193 205 209 210 227 229 239 247 249 267 269 271 274 275 278 281 286 290 300 305 312 317 321 324 326 328 350 354 355 361 365 367 375 382 388 393 397 398 399 416 417 423 432 433 438 443 445 450 454 469 471 476 480 486 490 499 509 511 512
66 17 25 29 36 38 55 58 73 74 79 96 97 105 108 120 124 129 131 134 143 146 157 168 175 177 185 189 197 226 237 257 260 270 289 300 302 313 315 324 325 342 345 357 376 378 380 384 392 394 397 398 407 416 425 442 443 446 447 469 478 479 481 487 491 509 510
82 14 18 19 29 33 45 46 50 58 69 75 80 81 99 106 118 119 125 127 128 131 133 144 153 156 162 168 169 174 177 186 188 189 194 200 203 219 224 228 230 233 239 245 246 256 260 270 275 277 288 294 314 317 324 340 342 360 361 364 369 378 391 399 419 427 431 445 456 457 459 460 462 463 470 472 489 490 491 496 504 507 509
67 4 12 13 16 23 28 36 45 46 50 59 68 84 86 92 96 135 143 153 176 177 181 185 187 188 190 197 198 199 212 217 218 231 234 246 256 260 263 270 272 277 290 297 298 321 339 343 344 355 371 372 376 377 378 380 389 401 405 415 425 431 449 455 485 491 506 507
81 1 9 10 22 24 30 32 33 36 40 49 52 53 59 61 68 70 74 83 95 96 98 99 102 105 109 113 117 122 129 136 153 161 168 189 198 203 204 205 211 215 219 220 229 234 237 249 255 257 271 285 293 304 309 314 317 319 320 324 326 327 344 346 351 360 372 378 383 392 397 403 419 422 431 442 455 467 468 475 488 497
75 14 27 31 32 40 44 55 58 64 74 75 76 80 85 88 96 103 107 110 123 134 136 139 140 149 150 181 182 198 203 213 229 230 231 233 234 238 239 241 255 262 272 280 283 285 287 292 304 309 315 317 321 335 336 339 340 345 347 348 352 359 361 363 372 382 385 386 388 392 397 425 441 459 461 495
67 3 5 7 9 10 14 20 51 61 81 84 87 91 94 96 98 107 118 154 155 156 161 170 176 189 192 193 205 218 243 245 266 276 283 297 302 308 309 314 327 336 337 338 362 365 370 373 374 391 393 401 412 426 439 453 456 459 472 478 481 484 485 490 494 496 502 511
82 11 13 15 32 42 59 61 64 70 99 100 125 128 135 137 140 143 146 148 149 155 158 167 169 172 174 178 184 206 209 217 235 237 238 246 255 259 268 270 275 282 297 302 312 317 322 329 330 331 347 357 365 369 373 374 381 386 393 399 401 404 407 409 414 416 419 428 432 437 443 450 455 465 468 473 475 483 485 487 490 501 504
70 5 8 40 41 62 65 73 88 89 99 108 115 117 124 125 148 164 188 191 200 204 213 217 224 245 254 256 270 276 284 286 290 294 296 298 304 309 333 334 338 340 359 374 377 382 384 386 392 394 395 397 401 403 404 406 409 414 418 427 436 437 446 449 453 464 492 493 494 499 505
72 2 11 13 18 24 29 33 41 48 59 61 81 92 100 104 108 126 142 151 156 158 162 174 181 188 193 198 201 207 211 220 234 235 238 240 242 259 265 281 286 294 311 313 328 351 356 372 374 386 390 399 402 409 415 423 425 426 430 432 439 441 457 458 465 466 471 472 473 487 488 489 502
89 8 9 13 14 17 18 20 31 35 36 37 41 47 54 56 61 62 63 71 80 87 91 94 98 109 111 113 118 131 132 135 154 160 162 170 183 198 229 241 245 249 254 263 264 269 270 274 276 278 285 288 295 308 311 313 324 325 342 360 361 369 370 371 379 410 412 421 422 425 426 428 433 435 438 441 443 448 449 454 459 463 464 477 480 481 486 488 494 511
90 4 11 24 29 33 38 41 45 48 51 53 55 59 64 78 87 88 91 95 100 108 120 131 146 152 153 163 176 181 182 192 196 198 204 207 217 222 223 232 245 248 249 255 272 300 302 309 318 320 321 334 338 349 352 355 356 357 365 368 369 370 375 377 383 391 395 397 400 412 419 420 426 438 444 445 446 449 451 461 463 465 466 467 468 476 480 485 504 508 510
75 2 3 7 8 9 12 13 26 29 38 68 87 97 106 116 121 138 145 150 157 159 170 177 189 192 194 199 213 225 227 229 232 234 235 236 237 248 258 259 260 271 283 287 289 291 297 310 321 333 335 345 347 348 352 356 357 358 362 366 372 377 389 390 401 410 420 436 452 456 458 480 490 496 506 508
64 13 49 57 59 61 69 75 77 83 91 103 107 111 113 115 125 128 129 131 132 136 140 143 144 153 155 156 165 168 177 179 192 196 224 242 255 259 274 276 278 289 293 296 310 313 324 328 335 343 344 351 360 367 383 426 438 457 461 467 468 477 492 494 511
79 8 9 19 22 25 33 34 36 40 41 48 49 55 66 71 79 83 84 90 103 106 118 123 155 162 171 173 176 182 188 190 191 206 209 210 214 221 222 224 229 245 246 258 266 275 288 313 319 322 323 331 337 342 345 347 348 351 363 371 377 381 384 395 408 415 418 424 434 436 455 457 462 469 474 483 484 493 503 512
69 7 17 23 43 59 86 91 98 101 129 142 155 160 171 183 184 202 206 207 213 219 221 224 231 232 234 239 246 252 258 264 275 279 289 305 310 314 316 326 327 342 348 352 360 361 369 370 375 390 410 413 418 428 433 434 441 443 447 448 449 452 461 465 471 484 488 489 492 509
88 6 8 10 13 16 29 37 48 56 64 72 73 84 86 91 92 96 102 104 120 152 155 167 177 183 185 189 191 202 204 206 207 210 213 217 222 225 241 242 244 246 257 258 266 267 272 275 286 287 298 300 324 331 334 336 339 342 347 352 357 359 366 376 382 384 387 395 399 400 403 406 412 415 422 441 443 455 461 471 478 482 487 494 496 501 503 505 507
71 22 43 83 86 91 94 95 102 106 110 114 117 130 136 138 153 168 181 182 183 188 196 198 200 201 203 211 225 227 229 234 236 252 263 264 276 277 279 280 281 285 295 300 308 315 317 329 340 351 352 353 358 359 377 386 392 399 401 407 414 420 425 429 436 450 452 468 470 476 493 504
71 7 8 12 19 20 33 41 51 58 59 60 61 65 72 83 92 93 96 103 104 114 124 148 152 154 167 197 203 207 214 217 230 234 238 240 249 250 252 264 267 272 277 278 281 285 296 311 312 315 337 363 370 372 377 399 412 437 443 446 447 448 453 455 467 476 486 491 493 503 511 512
73 1 34 42 45 50 67 69 85 88 93 98 99 100 101 108 111 113 114 118 119 122 130 153 155 161 178 184 208 220 223 234 239 251 254 263 266 281 284 305 306 310 312 318 326 337 343 360 369 372 373 380 386 404 410 414 420 423 428 430 440 445 447 455 460 464 477 481 482 486 488 489 494 512
90 1 2 5 9 14 16 25 26 37 38 41 45 51 68 71 72 73 80 85 91 94 99 103 104 105 115 120 122 124 129 132 133 135 137 140 148 151 154 171 173 182 194 198 201 202 219 225 227 230 243 248 256 263 268 270 272 273 279 281 301 313 316 325 326 333 335 337 342 352 359 374 376 380 392 395 396 402 403 431 436 438 441 444 448 456 460 469 482 493 507
68 10 17 21 25 27 34 36 41 46 47 58 59 71 75 79 83 92 99 109 121 129 138 151 165 172 174 178 181 182 183 190 203 209 211 218 219 245 247 267 274 277 284 306 336 342 344 353 366 369 385 387 393 399 417 425 432 435 438 442 452 461 467 468 471 473 474 485 502
84 6 10 21 22 28 44 46 47 50 54 71 75 77 87 95 103 106 110 120 121 131 133 149 158 159 162 166 184 185 207 226 236 237 244 256 258 260 265 273 276 282 284 285 290 295 307 313 317 319 322 323 324 329 331 334 338 349 353 364 366 375 379 390 393 394 408 411 414 415 418 435 439 445 446 447 461 464 466 468 469 489 497 509 510
76 5 21 25 48 59 68 74 82 84 88 91 103 104 106 117 121 124 126 129 131 136 137 152 155 170 173 188 189 191 196 199 203 208 212 227 228 229 265 278 281 290 291 294 295 297 304 311 313 318 323 328 332 336 338 357 364 368 374 381 384 389 394 402 407 408 416 417 424 432 437 459 485 494 502 504 511
78 14 15 28 31 42 52 56 60 72 80 82 84 91 100 105 107 115 121 133 146 147 150 152 160 165 167 177 179 184 185 189 192 195 205 206 214 217 218 227 231 233 243 244 257 264 279 287 314 318 323 336 350 355 357 362 368 385 390 394 400 410 414 427 428 436 448 451 452 453 463 465 466 470 471 474 475 485 493
70 11 12 23 24 38 44 55 57 68 77 79 90 93 97 102 104 113 116 119 134 140 142 153 164 174 190 197 209 213 218 222 227 233 234 242 245 253 271 273 277 281 287 290 300 313 320 328 330 343 356 357 358 368 369 378 384 385 412 413 427 428 447 448 450 461 463 467 483 506 512
80 3 15 16 25 26 46 51 73 74 78 84 116 118 124 125 126 129 137 138 152 157 166 167 171 177 180 201 213 217 224 229 242 243 246 249 257 261 262 270 281 309 310 320 323 324 338 339 342 345 357 360 371 373 381 393 395 396 399 401 407 408 410 413 417 420 423 426 434 442 449 450 451 452 456 459 460 461 478 481 506
80 1 11 13 18 19 26 35 38 51 58 63 74 95 110 124 125 142 144 146 150 157 161 163 167 178 182 185 186 188 198 201 202 203 215 217 220 223 225 257 258 259 264 266 278 281 282 284 290 293 294 298 304 307 317 321 323 325 326 331 336 340 349 352 353 377 382 384 385 389 391 408 433 438 442 450 469 472 501 506 507
86 6 9 19 39 53 55 56 59 63 65 67 70 72 76 77 79 86 99 100 119 120 122 132 137 141 143 146 147 183 184 191 194 195 196 197 202 209 216 217 218 221 223 224 231 234 237 238 240 242 265 267 275 291 295 296 297 299 300 303 307 320 321 324 342 349 357 366 367 372 374 388 392 396 398 416 433 448 449 451 457 462 467 495 500 507 510
93 4 11 13 14 21 27 42 52 53 56 58 59 69 71 82 83 98 102 103 112 125 140 144 145 146 147 150 153 155 157 163 168 169 172 176 188 195 202 204 207 230 231 236 238 239 242 243 244 248 258 264 266 267 271 297 299 302 304 307 308 309 310 314 319 321 336 337 344 361 363 369 390 394 408 417 432 433 435 436 438 440 454 455 475 477 479 484 493 495 497 500 502 507
70 12 16 34 41 42 57 63 69 72 79 100 105 106 107 112 115 118 125 130 168 177 183 195 199 202 203 204 207 218 220 250 261 274 282 290 291 299 305 312 315 320 323 334 340 352 353 363 386 392 393 396 399 401 402 414 423 424 425 433 439 451 454 459 464 475 494 508 509 510 511
80 7 9 25 27 37 42 47 54 62 73 75 76 82 95 102 104 107 109 116 118 120 122 134 142 152 160 171 172 175 176 183 184 185 190 193 197 198 222 237 253 254 255 257 260 261 272 277 285 293 351 352 366 371 373 383 397 399 401 402 405 407 408 413 414 415 416 420 422 429 442 454 456 467 474 478 480 487 494 504 509
75 8 19 22 26 36 40 45 49 55 57 62 66 72 84 88 93 99 130 138 148 166 171 188 203 209 211 214 219 221 224 230 243 260 269 276 277 282 291 299 306 307 312 314 319 323 325 335 337 339 341 345 354 367 372 375 379 388 412 415 419 420 423 432 433 443 455 461 464 467 470 481 492 494 508 509
73 7 10 26 51 54 55 107 117 136 137 142 154 159 165 169 176 179 183 185 186 190 194 197 212 213 214 227 230 231 232 235 250 252 254 257 260 263 264 271 276 279 280 300 302 312 322 327 332 335 336 338 356 360 378 380 384 394 404 407 409 428 434 435 441 444 450 466 468 473 484 486 510 511
77 5 13 16 25 26 34 39 51 52 57 69 71 82 90 91 93 99 108 111 112 114 116 128 136 140 144 150 161 169 171 173 176 186 190 191 192 207 208 222 229 230 231 248 250 264 267 277 288 289 299 307 312 333 338 345 347 357 359 366 373 374 378 384 393 404 410 415 427 429 430 434 435 452 459 462 470 503
76 2 4 7 8 12 14 19 29 37 38 53 55 62 70 75 91 97 113 116 120 127 130 132 133 136 139 153 161 163 164 169 174 177 197 203 214 221 224 236 237 242 264 276 281 282 293 302 321 332 342 348 369 374 380 397 404 405 413 422 424 428 429 435 443 448 461 462 468 470 486 487 488 497 499 508 509
74 1 8 14 16 17 32 44 46 50 58 60 74 76 78 80 88 95 98 107 114 115 122 127 152 153 159 161 170 196 199 201 211 217 223 224 227 241 246 247 254 262 277 279 287 293 296 307 308 311 318 320 346 363 371 382 400 409 422 430 431 447 450 454 459 465 475 476 482 487 494 495 500 503 507
74 5 21 22 23 29 32 44 47 60 61 72 88 108 113 119 121 128 129 136 137 139 146 156 166 177 185 192 203 213 218 221 238 240 244 252 264 267 272 280 281 287 290 297 299 300 305 317 318 322 339 340 346 349 355 361 362 384 392 394 399 400 418 421 423 428 442 445 452 465 476 478 490 498 510
72 13 17 18 21 25 37 40 44 51 66 67 70 73 88 94 97 106 107 116 118 119 123 128 129 140 143 162 166 171 177 193 194 197 205 206 239 254 257 260 261 270 276 300 312 314 323 328 330 348 355 362 371 375 377 382 388 391 412 415 418 431 434 440 443 448 459 460 466 471 473 490 498
79 1 6 16 42 48 61 68 72 82 83 88 94 116 118 119 127 133 136 145 157 161 169 178 185 190 197 215 229 238 246 253 269 272 276 277 278 286 287 293 294 295 297 300 305 307 310 315 317 318 328 334 352 353 358 374 385 389 401 403 405 410 417 425 428 435 443 448 449 454 455 456 463 478 480 497 498 499 504 506
78 5 12 20 24 30 32 38 39 50 53 68 77 92 96 105 107 109 113 115 118 129 130 131 132 133 134 136 140 141 157 160 166 170 179 182 184 187 195 206 207 208 211 219 222 226 232 236 244 253 254 257 259 274 276 279 307 311 312 330 331 334 374 422 423 434 437 441 442 445 462 463 472 478 486 489 493 494 501
64 11 20 32 41 48 52 54 63 70 78 117 123 126 134 135 137 149 158 170 181 190 221 225 227 237 242 244 247 248 250 252 259 270 276 277 279 286 294 308 315 323 328 339 367 387 393 399 406 416 420 439 447 451 453 455 465 472 474 480 481 484 489 490 502
79 1 4 9 27 28 29 32 43 45 54 56 60 69 76 83 90 96 110 127 129 131 134 137 144 159 170 172 176 180 182 200 201 203 222 223 232 236 250 260 263 271 282 285 286 300 309 314 315 318 326 331 336 337 345 346 351 365 371 373 381 388 396 401 416 418 432 442 444 449 451 458 466 479 480 482 493 501 505 510
90 2 6 9 13 17 21 22 24 33 39 49 58 63 73 77 85 96 101 106 109 113 118 121 135 138 140 144 146 153 157 159 166 168 175 188 190 197 203 207 217 218 229 231 235 240 241 242 264 267 270 272 275 276 289 293 296 301 302 318 332 334 335 339 353 357 362 364 365 367 378 382 385 388 392 403 410 416 417 443 451 457 459 461 466 477 478 481 482 500 506
79 1 5 22 25 39 45 46 49 53 54 55 58 65 66 75 79 86 87 109 115 122 124 125 158 159 161 170 200 206 208 212 214 221 228 233 245 246 257 260 264 268 275 278 283 297 300 303 309 310 312 316 322 324 329 332 356 362 367 405 409 410 427 433 437 438 441 454 460 476 482 487 491 492 493 495 504 507 509 510
68 1 5 9 17 26 45 67 72 84 89 97 98 142 150 153 155 159 161 163 165 167 170 197 204 212 216 226 239 240 250 252 253 270 282 285 288 290 305 312 314 316 319 326 329 338 344 347 357 360 364 366 368 374 377 381 394 401 410 447 448 449 461 471 496 498 502 511 512
73 7 8 10 16 18 19 21 29 31 37 40 42 44 49 52 55 56 65 77 81 89 92 96 105 106 121 128 133 138 139 153 195 196 201 202 219 222 241 243 249 250 259 261 287 297 307 315 318 338 340 353 356 357 370 373 378 379 385 389 393 396 419 425 436 452 482 483 496 498 499 503 505 509
78 3 5 13 14 16 21 36 37 39 49 52 55 62 66 72 85 89 92 99 115 116 118 124 125 142 154 155 157 162 174 180 200 202 209 219 240 242 254 256 274 277 282 285 288 292 295 305 313 314 315 325 343 347 356 357 374 379 384 387 388 404 409 413 416 419 421 426 430 438 439 451 456 458 463 476 482 483 512
74 7 11 13 14 15 21 27 31 33 35 44 54 57 66 70 85 92 95 103 106 112 125 126 146 172 174 177 183 187 200 204 207 213 220 222 226 242 244 270 301 333 337 348 351 361 362 371 373 386 391 396 397 400 406 409 410 414 415 419 440 443 444 447 458 463 471 472 478 482 490 497 503 504 511
69 39 40 43 49 53 64 76 89 99 101 103 106 113 125 132 143 148 149 164 170 174 182 190 192 197 198 201 203 213 239 241 243 251 262 269 288 289 292 296 297 310 334 347 349 351 352 353 355 362 372 374 389 394 395 396 400 402 405 412 415 427 447 448 458 459 475 483 498 512
74 4 20 21 24 43 45 52 66 67 73 74 86 95 102 106 111 124 137 139 142 150 167 171 175 177 179 211 229 255 261 264 268 274 285 294 301 302 306 309 313 314 316 330 331 335 336 337 344 348 350 361 363 364 371 373 378 384 392 400 410 417 421 429 438 452 458 461 471 473 488 491 498 499 500
78 18 21 27 33 44 53 55 58 59 63 68 70 80 86 93 97 101 124 142 146 151 165 167 178 180 183 190 198 203 209 216 220 223 226 228 231 248 254 256 257 258 263 268 269 270 274 282 299 306 309 314 319 329 332 338 341 351 357 360 361 369 374 380 382 390 392 411 422 436 437 450 464 465 483 485 488 497 511
92 8 14 16 17 24 31 37 43 58 60 64 66 68 73 76 85 86 91 99 102 107 108 113 114 116 127 136 140 145 157 159 161 169 174 182 185 188 197 201 214 218 219 228 229 232 233 244 250 254 258 262 263 271 274 280 291 293 298 303 308 310 317 321 329 334 357 370 372 380 385 396 400 405 413 414 416 420 425 429 443 449 455 460 464 470 472 477 479 485 492 493 496
92 1 2 9 13 15 17 25 27 29 43 47 61 67 73 89 90 91 93 116 129 133 139 141 150 155 159 164 168 169 178 182 188 189 206 212 229 238 241 247 269 272 273 275 291 293 298 300 305 306 307 309 317 320 324 332 334 336 338 350 353 356 358 366 367 370 371 388 394 411 412 417 419 422 425 435 438 447 449 455 457 460 468 469 470 471 479 489 494 503 507 509 510
