64 256
1 1 1 1 1 1 1 1 1 1 1 1 1 1 1 1 1 1 1 1 1 1 1 1 1 1 1 1 1 1 1 1 1 1 1 1 1 1 1 1 1 1 1 1 1 1 1 1 1 1 1 1 1 1 1 1 1 1 1 1 1 1 1 1 1 1 1 1 1 1 1 1 1 1 1 1 1 1 1 1 1 1 1 1 1 1 1 1 1 1 1 1 1 1 1 1 1 1 1 1 1 1 1 1 1 1 1 1 1 1 1 1 1 1 1 1 1 1 1 1 1 1 1 1 1 1 1 1 1 1 1 1 1 1 1 1 1 1 1 1 1 1 1 1 1 1 1 1 1 1 1 1 1 1 1 1 1 1 1 1 1 1 1 1 1 1 1 1 1 1 1 1 1 1 1 1 1 1 1 1 1 1 1 1 1 1 1 1 1 1 1 1 1 1 1 1 1 1 1 1 1 1 1 1 1 1 1 1 1 1 1 1 1 1 1 1 1 1 1 1 1 1 1 1 1 1 1 1 1 1 1 1 1 1 1 1 1 1 1 1 1 1 1 1 1 1 1 1 1 1 1 1 1 1 1 1
36 1 4 5 8 30 40 44 48 51 56 69 75 81 100 102 113 127 147 150 158 162 171 178 180 201 202 213 218 220 222 229 238 239 248 251 254
35 16 29 30 33 43 52 53 67 71 77 89 98 99 112 113 116 128 129 162 164 167 169 172 192 218 222 227 232 235 239 243 248 251 253 255
39 9 12 18 22 24 25 31 57 61 82 86 102 105 111 113 114 115 118 119 125 126 128 137 139 142 164 168 170 183 189 190 208 214 216 220 221 223 230 241
38 3 8 9 21 25 32 34 35 41 43 45 46 49 53 57 62 67 68 83 89 100 129 135 164 176 181 184 190 197 200 202 203 205 211 212 213 241 255
44 9 13 18 22 25 29 35 39 54 55 61 68 72 73 74 90 93 102 103 104 113 114 120 122 125 137 153 161 168 184 188 193 197 203 211 217 218 219 220 241 244 248 250 256
36 13 28 32 40 44 52 56 69 70 71 78 85 108 127 129 144 147 163 167 171 173 177 178 179 193 196 197 198 201 212 213 218 230 245 247 254
46 1 6 10 14 22 24 39 46 48 59 68 69 72 82 89 96 97 101 108 109 119 128 130 134 144 150 156 162 169 174 180 185 192 195 196 200 202 213 224 228 231 233 236 244 245 250
36 6 15 16 25 27 34 35 41 49 53 58 70 73 75 81 82 84 89 111 112 121 130 135 142 164 165 166 167 175 179 182 202 214 217 244 250
41 31 32 37 40 44 59 63 64 65 69 73 74 80 86 88 98 108 117 119 125 128 129 130 134 142 143 145 150 152 161 163 166 185 197 211 214 228 231 237 238 243
48 9 26 27 29 40 44 59 60 64 70 86 87 91 93 100 109 114 118 119 127 128 139 143 146 151 157 158 159 160 165 169 170 177 189 196 199 202 207 211 212 214 216 222 223 224 226 227 248
36 3 13 19 26 30 35 36 37 62 65 71 79 84 87 88 95 100 113 116 121 124 141 143 153 157 166 175 181 197 205 219 220 223 235 245 247
27 10 16 23 27 34 46 48 55 58 62 64 69 75 76 77 102 119 134 147 153 156 160 189 196 209 221 235
37 4 8 12 21 35 40 67 74 78 95 104 108 113 114 115 119 146 149 161 162 164 179 180 181 183 190 191 195 200 202 210 211 216 218 226 245 247
33 5 8 9 21 22 25 28 52 53 62 69 83 93 94 107 116 127 128 139 145 152 180 181 201 203 204 207 210 213 216 222 225 241
43 2 3 9 12 17 18 26 52 57 59 65 82 84 88 99 106 109 117 124 126 129 131 154 157 158 159 161 164 168 175 188 193 197 204 208 209 210 218 220 222 223 238 242
34 5 9 13 16 20 27 36 45 53 62 63 65 68 72 76 77 82 83 95 115 134 144 145 150 159 168 169 189 212 214 239 242 249 253
36 6 8 13 28 32 34 38 52 65 67 70 79 103 104 110 118 130 136 137 168 178 186 193 198 201 209 214 219 222 226 238 240 243 251 252 253
32 2 15 20 25 29 40 50 63 75 88 90 110 121 126 136 142 147 150 151 156 158 165 168 170 172 178 182 195 213 215 225 235
54 4 7 11 19 22 26 28 32 41 42 59 66 73 75 76 77 79 81 88 96 98 109 111 113 118 119 123 127 130 133 136 138 139 142 154 155 160 161 172 180 199 204 210 212 214 221 227 230 233 237 240 241 251 255
39 17 26 29 42 45 46 47 50 56 70 78 79 82 101 117 124 127 130 133 135 136 137 139 147 148 153 160 164 172 174 178 190 194 207 212 245 249 251 256
39 8 9 10 16 17 19 34 38 39 43 47 48 49 57 74 76 86 87 100 141 142 153 154 162 177 179 181 183 188 192 208 214 217 220 223 228 230 235 244
41 7 9 16 20 21 47 49 61 62 71 84 89 90 95 116 120 121 132 135 136 139 151 155 157 158 166 185 189 190 194 202 206 214 228 230 235 237 240 241 247 255
39 11 17 25 28 29 36 41 44 57 62 67 69 86 92 103 105 111 132 137 140 148 152 156 158 161 164 173 179 183 200 206 208 221 229 238 243 244 246 251
30 5 19 25 29 35 54 63 64 73 76 86 87 95 97 107 111 112 123 124 147 150 173 177 186 197 203 230 232 240 245
35 2 17 20 26 29 31 36 37 44 60 82 86 95 108 113 123 127 142 145 148 162 172 181 183 195 202 206 214 216 218 225 236 245 254 255
29 6 21 23 27 31 33 50 74 79 92 109 127 128 129 130 133 139 151 156 165 168 170 173 202 205 212 219 250 255
45 1 5 8 9 10 20 29 36 38 41 47 55 57 71 72 75 91 92 94 98 117 121 125 134 144 148 151 162 172 174 177 179 186 188 189 191 192 201 209 212 217 238 240 249 256
37 1 9 15 19 26 29 38 39 51 52 65 81 97 100 104 115 132 136 148 155 157 158 160 161 162 172 185 191 192 201 206 219 225 238 240 243 247
38 25 31 32 44 48 50 57 63 64 80 81 95 97 98 101 113 114 117 120 121 127 129 131 149 167 177 186 193 196 197 200 208 213 224 232 243 244 250
41 3 14 26 33 46 62 66 68 77 82 84 88 90 95 98 100 105 107 140 145 158 163 168 173 174 176 181 201 211 213 214 217 219 221 225 231 236 239 240 242 255
31 20 28 39 74 91 96 101 102 108 126 127 128 129 132 139 151 155 156 161 163 168 174 184 188 210 213 226 229 232 234 240
36 1 6 13 20 22 62 76 80 88 89 93 94 99 100 105 110 118 124 142 157 168 173 187 191 193 194 202 211 214 215 217 221 227 235 250 251
35 5 9 13 27 32 33 35 37 41 42 47 55 59 60 62 67 71 76 92 93 101 107 117 120 131 134 154 172 187 199 218 219 221 240 249
40 10 19 20 26 28 34 35 38 46 50 51 53 55 66 68 89 90 92 95 102 119 121 130 136 140 142 149 168 180 183 194 200 205 213 223 225 226 231 253 255
37 4 5 10 20 29 33 48 50 56 65 68 74 75 85 96 99 104 108 118 136 143 146 148 150 151 154 157 164 170 183 203 223 225 226 228 243 252
31 5 10 22 31 36 42 67 89 95 99 108 110 114 120 123 129 144 150 167 171 179 180 183 188 206 210 214 218 222 243 254
41 12 32 34 45 47 61 74 77 82 83 84 85 86 87 91 116 117 119 122 129 130 141 151 158 161 173 179 197 202 211 212 214 216 217 219 222 238 241 243 252 253
40 8 18 20 22 27 36 41 46 49 51 55 59 62 65 84 85 91 97 103 104 110 113 114 122 127 128 135 137 138 144 150 185 187 196 214 226 237 246 252 254
27 9 25 34 35 41 56 60 72 73 81 88 92 105 115 118 137 141 144 159 183 184 195 208 232 247 253 255
31 8 22 35 38 39 40 43 56 57 63 82 87 98 114 122 136 146 165 172 173 179 181 182 198 211 212 222 223 226 247 252
42 1 6 13 30 39 40 41 46 48 61 73 80 85 92 97 109 110 113 118 119 121 128 129 139 141 142 147 148 155 162 167 170 181 196 206 219 220 226 235 238 250 256
39 1 12 21 23 24 27 28 41 44 56 60 61 78 83 88 89 98 105 113 118 121 124 129 130 149 156 175 178 195 209 213 218 231 237 239 241 244 246 254
29 5 7 10 19 21 27 35 36 38 40 62 68 69 75 81 91 96 99 113 119 120 141 159 167 177 195 203 250 251
41 4 9 21 26 30 32 37 39 42 48 50 56 58 68 71 80 94 96 97 99 104 113 116 132 137 142 157 159 160 177 180 196 205 217 219 227 243 247 249 255 256
41 4 7 10 18 21 35 37 40 45 61 63 66 69 73 81 83 84 100 105 111 143 144 148 155 167 169 178 183 197 205 206 217 222 224 225 230 236 247 251 255 256
38 5 6 7 13 18 28 29 43 51 54 65 69 72 77 81 86 90 104 111 115 119 135 150 169 173 174 188 189 192 202 214 216 227 229 240 253 255 256
30 13 18 32 57 82 83 92 94 100 104 124 129 130 132 133 136 139 142 149 155 160 167 177 180 183 191 193 198 247 248
40 2 19 20 21 36 39 43 44 49 50 56 62 64 67 70 71 75 77 84 100 101 102 110 114 116 127 139 147 156 163 167 168 172 177 183 186 200 209 247 249
28 2 12 17 54 59 60 64 74 79 81 89 106 115 116 120 124 129 138 153 160 179 191 196 207 217 221 229 231
34 3 7 13 16 23 30 32 45 56 70 83 88 97 98 107 109 113 117 140 151 152 162 164 179 180 183 197 211 220 223 227 239 243 244
34 7 8 13 15 17 21 32 37 38 40 64 67 83 88 106 108 110 117 127 143 167 177 183 185 194 201 217 220 225 231 243 249 251 252
33 4 10 13 18 27 31 32 42 46 51 57 63 65 67 72 84 90 94 100 116 130 153 159 177 183 201 203 204 218 220 228 231 239
27 10 26 34 36 40 41 47 53 74 77 85 86 88 91 104 109 126 135 142 146 150 153 158 177 221 238 255
33 5 16 20 28 32 43 51 71 77 106 107 117 136 153 155 156 160 161 162 164 172 180 182 187 189 194 206 209 228 230 246 248 254
38 4 13 28 29 31 34 35 37 66 70 78 82 103 110 124 131 140 148 151 152 164 166 167 173 182 188 201 203 206 208 210 227 232 239 249 251 253 256
44 4 13 20 32 41 53 63 64 72 73 74 78 81 87 89 93 94 95 108 116 121 125 134 141 143 149 155 172 177 186 188 197 198 207 212 214 226 228 240 242 243 247 250 251
42 3 12 16 24 25 26 32 35 44 57 65 68 70 78 84 85 89 92 95 99 100 105 107 116 120 121 146 149 159 161 165 175 178 190 198 199 208 214 222 245 247 252
34 2 8 13 24 41 43 50 51 66 68 72 76 83 97 106 119 123 125 133 138 144 147 152 176 187 189 194 198 202 212 238 243 250 255
41 7 9 12 15 19 20 21 25 33 44 67 86 88 92 96 101 121 126 136 142 145 147 167 180 184 188 190 192 194 195 202 208 216 220 221 234 241 250 251 254 255
31 11 26 29 44 47 53 61 75 77 86 103 106 122 131 133 138 146 156 176 182 192 208 213 214 215 217 224 227 242 243 248
27 10 18 19 56 69 75 91 92 99 100 110 114 125 130 137 169 174 183 189 195 196 201 207 221 225 249 256
29 5 16 20 41 57 58 76 88 97 98 107 136 140 146 173 180 184 191 193 195 198 200 209 221 225 228 232 238 249
39 10 14 16 17 24 27 33 35 40 46 59 60 61 64 73 74 86 90 100 103 113 126 137 146 147 153 155 156 159 167 175 210 213 214 219 227 252 255 256
37 5 8 24 35 43 44 53 56 60 66 76 80 98 101 106 109 111 120 125 126 131 135 141 145 148 149 150 153 167 168 170 182 189 199 216 220 237
