32 128
1 1 1 1 1 1 1 1 1 1 1 1 1 1 1 1 1 1 1 1 1 1 1 1 1 1 1 1 1 1 1 1 1 1 1 1 1 1 1 1 1 1 1 1 1 1 1 1 1 1 1 1 1 1 1 1 1 1 1 1 1 1 1 1 1 1 1 1 1 1 1 1 1 1 1 1 1 1 1 1 1 1 1 1 1 1 1 1 1 1 1 1 1 1 1 1 1 1 1 1 1 1 1 1 1 1 1 1 1 1 1 1 1 1 1 1 1 1 1 1 1 1 1 1 1 1 1 1
14 3 4 10 12 19 26 31 33 67 86 87 112 114 118
20 12 13 19 21 36 65 72 76 80 82 84 85 97 99 100 102 109 112 124 125
24 2 8 11 13 24 30 39 52 53 57 59 66 72 77 84 88 92 96 98 104 116 121 123 126
30 2 5 7 17 19 20 23 28 30 33 37 45 47 54 55 64 86 87 89 91 93 95 96 102 108 110 118 120 122 125
16 9 12 15 43 47 54 56 58 61 71 72 75 80 86 90 112
23 2 3 4 5 22 36 39 41 44 46 53 54 58 73 74 85 88 99 108 110 111 117 125
25 7 13 16 28 29 33 34 36 41 42 47 57 60 69 72 76 81 84 85 92 96 99 112 119 123
21 9 17 22 24 25 28 29 35 37 40 41 42 45 53 57 68 69 70 94 112 121
14 22 26 27 50 62 66 72 94 99 104 108 113 116 128
23 4 11 13 14 15 19 25 35 58 74 76 80 84 92 93 94 95 103 109 112 113 116 125
16 3 6 17 29 32 39 47 51 69 71 73 80 84 109 111 114
10 32 35 44 50 58 60 68 83 90 115
19 7 9 19 22 28 48 50 68 69 70 71 72 86 93 99 102 112 114 125
25 4 6 7 12 23 29 31 34 35 37 38 51 54 56 74 86 90 92 102 107 115 120 122 123 126
25 3 5 7 13 21 27 30 31 34 39 41 49 51 63 64 77 93 94 95 112 117 119 120 121 125
21 2 7 10 11 15 25 26 27 41 53 63 65 74 75 84 91 95 114 119 124 126
21 2 4 5 12 17 20 25 27 32 47 58 60 65 73 74 90 94 105 111 121 127
27 3 15 25 31 35 37 48 50 57 60 67 69 72 73 79 87 93 98 102 103 107 108 117 118 121 122 126
17 26 29 30 32 50 57 60 61 76 83 87 95 99 100 110 122 127
15 16 24 27 29 38 50 77 80 91 93 98 102 111 119 122
17 7 14 15 20 21 29 32 35 36 42 71 87 94 95 116 120 121
22 3 4 15 16 18 19 20 34 36 50 69 70 71 76 85 91 92 93 102 122 124 128
14 17 18 51 60 68 71 83 84 92 108 111 117 120 121
18 1 3 8 20 32 36 44 50 53 58 70 82 84 85 107 114 127 128
23 5 7 9 15 18 22 23 37 50 53 56 60 65 69 90 91 94 99 103 109 113 114 123
18 2 6 8 22 23 34 46 50 65 68 84 86 91 107 108 117 122 123
23 4 6 7 10 17 19 27 29 34 43 59 61 63 67 69 80 84 88 98 102 105 114 117
16 6 12 45 46 47 56 59 61 68 71 78 88 92 101 112 113
20 6 15 19 20 28 38 46 61 76 85 92 95 97 101 102 112 114 115 117 118
20 2 12 32 33 34 39 41 45 56 60 70 75 94 100 102 106 110 115 118 121
14 1 10 29 30 39 43 49 59 77 84 94 95 110 119
15 10 11 26 31 32 42 55 58 71 86 97 110 120 122 126
