16 64
1 1 1 1 1 1 1 1 1 1 1 1 1 1 1 1 1 1 1 1 1 1 1 1 1 1 1 1 1 1 1 1 1 1 1 1 1 1 1 1 1 1 1 1 1 1 1 1 1 1 1 1 1 1 1 1 1 1 1 1 1 1 1 1
9 15 17 22 23 36 45 51 54 62
15 5 11 12 14 16 22 31 36 38 40 43 44 47 48 64
11 5 13 19 22 27 29 43 49 50 56 62
12 5 10 19 20 21 28 30 38 40 41 43 46
10 11 15 20 22 27 37 47 50 57 64
10 3 8 11 12 15 19 22 24 37 50
11 1 2 12 21 23 26 31 34 41 54 58
11 2 9 14 21 33 43 45 46 54 55 61
9 1 2 27 28 29 32 36 39 44
11 12 19 22 23 26 27 31 43 52 55 62
13 3 7 11 21 24 31 32 33 37 38 49 57 64
6 5 8 12 23 34 62
13 2 6 14 19 20 22 24 31 37 43 49 53 58
12 7 11 14 16 24 26 27 31 44 58 61 63
5 2 3 12 17 23
14 1 11 14 15 19 24 27 36 43 47 50 52 59 61
